4.212740372658130977e-02 4.212740372658130977e-02 4.212740372658130977e-02 4.212740372658130977e-02 4.212740372658130977e-02 4.212740372658130977e-02 4.212740372658130977e-02 4.212740372658130977e-02 4.212740372658130977e-02 4.212740372658130977e-02 4.212740372658130977e-02 4.212740372658130977e-02 4.212740372658130977e-02 4.212740372658130977e-02 4.212740372658130977e-02
3.462266873207860141e-02 3.462266873207860141e-02 3.462266873207860141e-02 3.462266873207860141e-02 3.462266873207860141e-02 -1.118725263715840246e+00 -1.118725263715840246e+00 -1.118725263715840246e+00 -1.118725263715840246e+00 -1.118725263715840246e+00 -1.579936784342249378e+00 -1.579936784342249378e+00 -1.579936784342249378e+00 -1.579936784342249378e+00 -1.579936784342249378e+00
-2.758920165471747885e-02 -2.758920165471747885e-02 -2.758920165471747885e-02 -2.758920165471747885e-02 -2.758920165471747885e-02 -2.758920165471747885e-02 -2.758920165471747885e-02 -2.758920165471747885e-02 -2.758920165471747885e-02 -2.758920165471747885e-02 -2.758920165471747885e-02 -2.758920165471747885e-02 -1.658535857765148558e+00 -1.658535857765148558e+00 -1.658535857765148558e+00
4.211164864774936262e-02 4.211164864774936262e-02 4.211164864774936262e-02 4.211164864774936262e-02 4.211164864774936262e-02 4.211164864774936262e-02 4.211164864774936262e-02 4.211164864774936262e-02 4.211164864774936262e-02 4.211164864774936262e-02 4.211164864774936262e-02 3.414374720324619972e-02 3.414374720324619972e-02 3.414374720324619972e-02 3.414374720324619972e-02
4.110011139099281618e-02 4.110011139099281618e-02 4.110011139099281618e-02 4.110011139099281618e-02 3.429727372013149228e-02 3.429727372013149228e-02 3.429727372013149228e-02 3.429727372013149228e-02 3.429727372013149228e-02 3.429727372013149228e-02 3.429727372013149228e-02 3.429727372013149228e-02 3.429727372013149228e-02 3.429727372013149228e-02 3.429727372013149228e-02
4.217429103295743803e-02 4.217429103295743803e-02 4.217429103295743803e-02 4.217429103295743803e-02 4.217429103295743803e-02 4.217429103295743803e-02 4.217429103295743803e-02 4.217429103295743803e-02 4.217429103295743803e-02 4.217429103295743803e-02 4.217429103295743803e-02 4.217429103295743803e-02 4.217429103295743803e-02 4.217429103295743803e-02 4.217429103295743803e-02
4.216620812862690443e-02 3.792168843967239078e-02 3.792168843967239078e-02 3.792168843967239078e-02 3.792168843967239078e-02 3.792168843967239078e-02 3.429572813549289223e-02 3.429572813549289223e-02 3.429572813549289223e-02 3.429572813549289223e-02 3.429572813549289223e-02 3.429572813549289223e-02 3.429572813549289223e-02 3.429572813549289223e-02 3.429572813549289223e-02
4.216419259333248348e-02 4.216419259333248348e-02 4.216419259333248348e-02 4.216400321378331595e-02 4.216400321378331595e-02 4.216383652591986636e-02 4.216383652591986636e-02 4.216383652591986636e-02 4.216383652591986636e-02 8.101456849914333291e-03 8.101456849914333291e-03 8.101456849914333291e-03 8.101456849914333291e-03 8.101456849914333291e-03 8.101456849914333291e-03
4.217005656923164536e-02 3.806743117499050699e-02 3.806743117499050699e-02 3.806743117499050699e-02 3.806743117499050699e-02 3.806743117499050699e-02 3.806743117499050699e-02 3.806743117499050699e-02 3.806743117499050699e-02 3.806743117499050699e-02 3.806743117499050699e-02 3.806743117499050699e-02 3.806743117499050699e-02 3.806743117499050699e-02 3.806743117499050699e-02
4.218191211783845623e-02 4.218191211783845623e-02 4.218191211783845623e-02 4.218191211783845623e-02 4.218191211783845623e-02 4.218191211783845623e-02 4.218191211783845623e-02 4.218191211783845623e-02 4.218191211783845623e-02 4.218191211783845623e-02 4.218191211783845623e-02 4.218191211783845623e-02 4.218191211783845623e-02 4.218191211783845623e-02 4.218191211783845623e-02
4.217076204449132087e-02 4.217076204449132087e-02 4.217076204449132087e-02 4.217076204449132087e-02 4.217076204449132087e-02 4.217076204449132087e-02 4.217076204449132087e-02 4.217076204449132087e-02 4.217076204449132087e-02 -1.301089775615960953e+00 -1.301089775615960953e+00 -1.301089775615960953e+00 -1.301089775615960953e+00 -1.301089775615960953e+00 -1.301089775615960953e+00
-1.474095495233548325e+00 -1.474095495233548325e+00 -1.474095495233548325e+00 -1.474095495233548325e+00 -1.474095495233548325e+00 -1.474095495233548325e+00 -1.474095495233548325e+00 -1.474095495233548325e+00 -1.474095495233548325e+00 -1.474095495233548325e+00 -1.474095495233548325e+00 -1.474095495233548325e+00 -1.474095495233548325e+00 -1.474095495233548325e+00 -1.474095495233548325e+00
3.429587782001382312e-02 3.429587782001382312e-02 3.429587782001382312e-02 3.429587782001382312e-02 3.429587782001382312e-02 3.429587782001382312e-02 3.429587782001382312e-02 3.429587782001382312e-02 3.429587782001382312e-02 3.429587782001382312e-02 3.429587782001382312e-02 3.429587782001382312e-02 3.429587782001382312e-02 3.429587782001382312e-02 3.429587782001382312e-02
4.451179797797980703e-02 4.451179797797980703e-02 4.451179797797980703e-02 4.451179797797980703e-02 4.451179797797980703e-02 4.451179797797980703e-02 4.451179797797980703e-02 4.451179797797980703e-02 -1.508758840584435212e+00 -1.508758840584435212e+00 -1.508758840584435212e+00 -1.508758840584435212e+00 -1.508758840584435212e+00 -1.508758840584435212e+00 -1.508758840584435212e+00
3.429518990009383650e-02 3.429518990009383650e-02 3.429518990009383650e-02 3.429518990009383650e-02 3.429518990009383650e-02 3.429518990009383650e-02 3.429518990009383650e-02 3.429518990009383650e-02 3.429518990009383650e-02 3.429518990009383650e-02 3.429518990009383650e-02 3.429518990009383650e-02 3.429518990009383650e-02 3.429518990009383650e-02 3.429518990009383650e-02
