-1.327501802558856303e+00 -1.327501802558856303e+00 -1.327501802558856303e+00 -1.327501802558856303e+00 -1.327501802558856303e+00 -1.327501802558856303e+00 -1.327501802558856303e+00 -1.327501802558856303e+00 -1.327501802558856303e+00 -1.327501802558856303e+00 -1.327501802558856303e+00 -1.327501802558856303e+00 -1.327501802558856303e+00 -1.327501802558856303e+00 -1.327501802558856303e+00
7.583274017246241505e-02 7.583274017246241505e-02 7.583274017246241505e-02 7.583274017246241505e-02 7.583274017246241505e-02 7.583273826376595028e-02 7.583273826376595028e-02 7.583273826376595028e-02 7.583273826376595028e-02 7.583273826376595028e-02 7.583273826376595028e-02 7.583273826376595028e-02 7.583273826376595028e-02 7.583273826376595028e-02 7.583273826376595028e-02
6.522194300769244835e-02 6.522194300769244835e-02 6.522194300769244835e-02 6.522194300769244835e-02 6.522194300769244835e-02 6.522194300769244835e-02 6.522194300769244835e-02 6.522194300769244835e-02 6.522194300769244835e-02 6.522194300769244835e-02 6.522194300769244835e-02 6.522194300769244835e-02 6.522194300769244835e-02 6.522194300769244835e-02 6.522194300769244835e-02
-1.341429352762546934e+00 -1.341429352762546934e+00 -1.341429352762546934e+00 -1.341429352762546934e+00 -1.341429352762546934e+00 -1.341429352762546934e+00 -1.341429352762546934e+00 -1.341429352762546934e+00 -1.341429352762546934e+00 -1.341429352762546934e+00 -1.341429352762546934e+00 -1.341429352762546934e+00 -1.341429352762546934e+00 -1.341429352762546934e+00 -1.341429352762546934e+00
-1.242413544328927477e+00 -1.472308142921495921e+00 -1.472308142921495921e+00 -1.472308142921495921e+00 -1.472308142921495921e+00 -1.472308142921495921e+00 -1.472308142921495921e+00 -1.472308142921495921e+00 -1.472308142921495921e+00 -1.472308142921495921e+00 -1.472308142921495921e+00 -1.472308142921495921e+00 -1.472308142921495921e+00 -1.472308142921495921e+00 -1.472308142921495921e+00
-1.436263003185607179e+00 -1.436263003185607179e+00 -1.436263003185607179e+00 -1.436263003185607179e+00 -1.436263003185607179e+00 -1.436263003185607179e+00 -1.436263003185607179e+00 -1.436263003185607179e+00 -1.436263003185607179e+00 -1.436263003185607179e+00 -1.436263003185607179e+00 -1.436263003185607179e+00 -1.482430570392535119e+00 -1.482430570392535119e+00 -1.482430570392535119e+00
-8.458697912582625600e-01 -8.458697912582625600e-01 -8.458697912582625600e-01 -8.458697912582625600e-01 -8.458697912582625600e-01 -8.458697912582625600e-01 -1.180181423184648137e+00 -1.180181423184648137e+00 -1.180181423184648137e+00 -1.180181423184648137e+00 -1.180181423184648137e+00 -1.180181423184648137e+00 -1.180181423184648137e+00 -1.180181423184648137e+00 -1.180181423184648137e+00
7.583114266671568682e-02 7.583114266671568682e-02 7.583114266671568682e-02 7.583114266671568682e-02 7.583114266671568682e-02 7.583114266671568682e-02 7.583114266671568682e-02 7.583114266671568682e-02 7.583114266671568682e-02 7.583114266671568682e-02 7.583114266671568682e-02 7.583114266671568682e-02 7.583114266671568682e-02 7.583114266671568682e-02 7.583114266671568682e-02
-1.158611707610104347e+00 -1.158611707610104347e+00 -1.158611707610104347e+00 -1.158611707610104347e+00 -1.158611707610104347e+00 -1.158611707610104347e+00 -1.158611707610104347e+00 -1.158611707610104347e+00 -1.158611707610104347e+00 -1.158611707610104347e+00 -1.158611707610104347e+00 -1.158611707610104347e+00 -1.158611707610104347e+00 -1.158611707610104347e+00 -1.158611707610104347e+00
-1.378342381960591556e+00 -1.378342381960591556e+00 -1.378342381960591556e+00 -1.378342381960591556e+00 -1.378342381960591556e+00 -1.378342381960591556e+00 -1.378342381960591556e+00 -1.378342381960591556e+00 -1.378342381960591556e+00 -1.378342381960591556e+00 -1.378342381960591556e+00 -1.378342381960591556e+00 -1.378342381960591556e+00 -1.378342381960591556e+00 -1.378342381960591556e+00
-1.387254641782025510e+00 -1.387254641782025510e+00 -1.387254641782025510e+00 -1.387254641782025510e+00 -1.387254641782025510e+00 -1.387254641782025510e+00 -1.387254641782025510e+00 -1.387254641782025510e+00 -1.387254641782025510e+00 -1.387254641782025510e+00 -1.387254641782025510e+00 -1.387254641782025510e+00 -1.387254641782025510e+00 -1.387254641782025510e+00 -1.387254641782025510e+00
-1.449875533674299000e+00 -1.449875533674299000e+00 -1.449875533674299000e+00 -1.449875533674299000e+00 -1.449875533674299000e+00 -1.449875533674299000e+00 -1.449875533674299000e+00 -1.449875533674299000e+00 -1.449875533674299000e+00 -1.449875533674299000e+00 -1.449875533674299000e+00 -1.449875533674299000e+00 -1.449875533674299000e+00 -1.449875533674299000e+00 -1.449875533674299000e+00
-1.229470665899795812e+00 -1.229470665899795812e+00 -1.229470665899795812e+00 -1.229470665899795812e+00 -1.229470665899795812e+00 -1.229470665899795812e+00 -1.229470665899795812e+00 -1.229470665899795812e+00 -1.229470665899795812e+00 -1.229470665899795812e+00 -1.229470665899795812e+00 -1.229470665899795812e+00 -1.229470665899795812e+00 -1.229470665899795812e+00 -1.229470665899795812e+00
7.330568356482715375e-02 7.330568356482715375e-02 7.330568356482715375e-02 7.330568356482715375e-02 7.330568356482715375e-02 7.330568356482715375e-02 7.330568356482715375e-02 7.330568356482715375e-02 7.330568356482715375e-02 7.330568356482715375e-02 7.330568356482715375e-02 7.330568356482715375e-02 7.330568356482715375e-02 7.330568356482715375e-02 7.330568356482715375e-02
-1.457488797683923476e+00 -1.457488797683923476e+00 -1.457488797683923476e+00 -1.457488797683923476e+00 -1.457488797683923476e+00 -1.457488797683923476e+00 -1.457488797683923476e+00 -1.457488797683923476e+00 -1.457488797683923476e+00 -1.457488797683923476e+00 -1.457488797683923476e+00 -1.457488797683923476e+00 -1.457488797683923476e+00 -1.457488797683923476e+00 -1.457488797683923476e+00
